0.000209542
0.000220703
0.000232147
0.000243877
0.000255896
0.00026821
0.000280822
0.000293735
0.000306954
0.000320483
0.000334325
0.000348484
0.000362965
0.000377771
0.000392906
0.000408375
0.00042418
0.000440327
0.000456819
0.000473661
0.000490855
0.000508407
0.000526321
0.0005446
0.000563248
0.00058227
0.00060167
0.000621451
0.000641619
0.000662176
0.000683127
0.000704477
0.000726229
0.000748387
0.000770956
0.00079394
0.000817342
0.000841168
0.00086542
0.000890104
0.000915223
0.000940782
0.000966784
0.000993235
0.001020137
0.001047495
0.001075313
0.001103596
0.001132347
0.001161571
0.001191271
0.001221453
0.001252119
0.001283274
0.001314923
0.001347068
0.001379715
0.001412868
0.00144653
0.001480705
0.001515398
0.001550612
0.001586352
0.001622622
0.001659426
0.001696767
0.00173465
0.001773078
0.001812056
0.001851588
0.001891676
0.001932327
0.001973542
0.002015327
0.002057684
0.002100619
0.002144134
0.002188233
0.002232921
0.002278201
0.002324076
0.002370551
0.002417629
0.002465314
0.00251361
0.00256252
0.002612047
0.002662196
0.002712969
0.002764371
0.002816405
0.002869075
0.002922383
0.002976334
0.00303093
0.003086175
0.003142073
0.003198627
0.003255839
0.003313714
0.003372254
0.003431463
0.003491343
0.003551898
0.003613132
0.003675046
0.003737644
0.00380093
0.003864905
0.003929573
0.003994936
0.004060998
0.004127761
0.004195229
0.004263403
0.004332286
0.004401881
0.004472191
0.004543218
0.004614964
0.004687432
0.004760625
0.004834545
0.004909193
0.004984573
0.005060687
0.005137536
0.005215123
0.00529345
0.005372519
0.005452332
0.005532891
0.005614197
0.005696253
0.005779061
0.005862621
0.005946936
0.006032008
0.006117838
0.006204427
0.006291777
0.006379889
0.006468765
0.006558406
0.006648813
0.006739987
0.00683193
0.006924643
0.007018126
0.007112381
0.007207408
0.007303208
0.007399783
0.007497132
0.007595257
0.007694157
0.007793834
0.007894288
0.00799552
0.008097529
0.008200316
0.008303882
0.008408225
0.008513348
0.008619248
0.008725927
0.008833385
0.008941621
0.009050634
0.009160425
0.009270994
0.009382339
0.00949446
0.009607357
0.009721029
0.009835476
0.009950696
0.010066689
0.010183453
0.010300989
0.010419294
0.010538367
0.010658208
0.010778816
0.010900187
0.011022323
0.01114522
0.011268877
0.011393293
0.011518466
0.011644395
0.011771076
0.011898509
0.012026691
0.012155621
0.012285296
0.012415714
0.012546872
0.012678769
0.012811402
0.012944768
0.013078865
0.01321369
0.013349241
0.013485514
0.013622506
0.013760216
0.013898639
0.014037773
0.014177614
0.014318159
0.014459405
0.014601348
0.014743986
0.014887313
0.015031327
0.015176025
0.015321401
0.015467453
0.015614176
0.015761566
0.01590962
0.016058333
0.0162077
0.016357718
0.016508383
0.016659689
0.016811632
0.016964207
0.017117411
0.017271237
0.017425682
0.01758074
0.017736407
0.017892676
0.018049544
0.018207004
0.018365053
0.018523683
0.01868289
0.018842669
0.019003013
0.019163918
0.019325376
0.019487384
0.019649934
0.01981302
0.019976638
0.02014078
0.020305441
0.020470614
0.020636293
0.020802471
0.020969143
0.021136302
0.02130394
0.021472052
0.021640631
0.02180967
0.021979162
0.022149101
0.022319478
0.022490288
0.022661523
0.022833176
0.02300524
0.023177707
0.02335057
0.023523821
0.023697454
0.02387146
0.024045832
0.024220563
0.024395644
0.024571067
0.024746826
0.024922911
0.025099315
0.02527603
0.025453048
0.02563036
0.025807959
0.025985835
0.026163982
0.02634239
0.026521051
0.026699956
0.026879097
0.027058465
0.027238052
0.027417849
0.027597847
0.027778037
0.027958411
0.028138959
0.028319673
0.028500544
0.028681562
0.028862718
0.029044004
0.029225409
0.029406926
0.029588544
0.029770254
0.029952047
0.030133914
0.030315845
0.03049783
0.03067986
0.030861925
0.031044017
0.031226124
0.031408238
0.031590349
0.031772446
0.031954521
0.032136563
0.032318563
0.03250051
0.032682395
0.032864208
0.033045938
0.033227577
0.033409113
0.033590537
0.033771838
0.033953007
0.034134033
0.034314907
0.034495617
0.034676155
0.034856508
0.035036669
0.035216625
0.035396367
0.035575885
0.035755168
0.035934205
0.036112988
0.036291504
0.036469744
0.036647698
0.036825354
0.037002703
0.037179735
0.037356438
0.037532802
0.037708817
0.037884473
0.038059759
0.038234664
0.038409178
0.038583291
0.038756993
0.038930272
0.039103118
0.039275521
0.03944747
0.039618956
0.039789966
0.039960492
0.040130523
0.040300048
0.040469056
0.040637538
0.040805483
0.04097288
0.04113972
0.041305992
0.041471685
0.04163679
0.041801295
0.041965191
0.042128468
0.042291114
0.042453121
0.042614477
0.042775172
0.042935197
0.043094541
0.043253195
0.043411147
0.043568388
0.043724908
0.043880697
0.044035744
0.044190041
0.044343577
0.044496342
0.044648326
0.04479952
0.044949913
0.045099497
0.04524826
0.045396195
0.04554329
0.045689537
0.045834925
0.045979446
0.04612309
0.046265847
0.046407709
0.046548665
0.046688707
0.046827825
0.04696601
0.047103253
0.047239545
0.047374877
0.04750924
0.047642624
0.047775022
0.047906424
0.048036822
0.048166206
0.048294569
0.048421901
0.048548194
0.04867344
0.04879763
0.048920755
0.049042809
0.049163781
0.049283665
0.049402452
0.049520133
0.049636702
0.04975215
0.049866469
0.049979652
0.050091691
0.050202578
0.050312306
0.050420867
0.050528254
0.05063446
0.050739476
0.050843297
0.050945915
0.051047323
0.051147514
0.051246481
0.051344217
0.051440716
0.051535971
0.051629975
0.051722722
0.051814206
0.05190442
0.051993358
0.052081014
0.052167382
0.052252456
0.05233623
0.052418698
0.052499854
0.052579693
0.052658209
0.052735398
0.052811252
0.052885768
0.05295894
0.053030763
0.053101231
0.053170341
0.053238087
0.053304464
0.053369468
0.053433094
0.053495338
0.053556196
0.053615663
0.053673735
0.053730408
0.053785678
0.053839541
0.053891993
0.053943031
0.053992652
0.054040851
0.054087625
0.054132971
0.054176886
0.054219366
0.05426041
0.054300013
0.054338173
0.054374887
0.054410154
0.054443969
0.054476332
0.054507239
0.054536689
0.054564679
0.054591207
0.054616272
0.054639871
0.054662004
0.054682668
0.054701863
0.054719586
0.054735836
0.054750613
0.054763915
0.054775742
0.054786092
0.054794965
0.05480236
0.054808276
0.054812714
0.054815673
0.054817152
0.054817152
0.054815673
0.054812714
0.054808276
0.05480236
0.054794965
0.054786092
0.054775742
0.054763915
0.054750613
0.054735836
0.054719586
0.054701863
0.054682668
0.054662004
0.054639871
0.054616272
0.054591207
0.054564679
0.054536689
0.054507239
0.054476332
0.054443969
0.054410154
0.054374887
0.054338173
0.054300013
0.05426041
0.054219366
0.054176886
0.054132971
0.054087625
0.054040851
0.053992652
0.053943031
0.053891993
0.053839541
0.053785678
0.053730408
0.053673735
0.053615663
0.053556196
0.053495338
0.053433094
0.053369468
0.053304464
0.053238087
0.053170341
0.053101231
0.053030763
0.05295894
0.052885768
0.052811252
0.052735398
0.052658209
0.052579693
0.052499854
0.052418698
0.05233623
0.052252456
0.052167382
0.052081014
0.051993358
0.05190442
0.051814206
0.051722722
0.051629975
0.051535971
0.051440716
0.051344217
0.051246481
0.051147514
0.051047323
0.050945915
0.050843297
0.050739476
0.05063446
0.050528254
0.050420867
0.050312306
0.050202578
0.050091691
0.049979652
0.049866469
0.04975215
0.049636702
0.049520133
0.049402452
0.049283665
0.049163781
0.049042809
0.048920755
0.04879763
0.04867344
0.048548194
0.048421901
0.048294569
0.048166206
0.048036822
0.047906424
0.047775022
0.047642624
0.04750924
0.047374877
0.047239545
0.047103253
0.04696601
0.046827825
0.046688707
0.046548665
0.046407709
0.046265847
0.04612309
0.045979446
0.045834925
0.045689537
0.04554329
0.045396195
0.04524826
0.045099497
0.044949913
0.04479952
0.044648326
0.044496342
0.044343577
0.044190041
0.044035744
0.043880697
0.043724908
0.043568388
0.043411147
0.043253195
0.043094541
0.042935197
0.042775172
0.042614477
0.042453121
0.042291114
0.042128468
0.041965191
0.041801295
0.04163679
0.041471685
0.041305992
0.04113972
0.04097288
0.040805483
0.040637538
0.040469056
0.040300048
0.040130523
0.039960492
0.039789966
0.039618956
0.03944747
0.039275521
0.039103118
0.038930272
0.038756993
0.038583291
0.038409178
0.038234664
0.038059759
0.037884473
0.037708817
0.037532802
0.037356438
0.037179735
0.037002703
0.036825354
0.036647698
0.036469744
0.036291504
0.036112988
0.035934205
0.035755168
0.035575885
0.035396367
0.035216625
0.035036669
0.034856508
0.034676155
0.034495617
0.034314907
0.034134033
0.033953007
0.033771838
0.033590537
0.033409113
0.033227577
0.033045938
0.032864208
0.032682395
0.03250051
0.032318563
0.032136563
0.031954521
0.031772446
0.031590349
0.031408238
0.031226124
0.031044017
0.030861925
0.03067986
0.03049783
0.030315845
0.030133914
0.029952047
0.029770254
0.029588544
0.029406926
0.029225409
0.029044004
0.028862718
0.028681562
0.028500544
0.028319673
0.028138959
0.027958411
0.027778037
0.027597847
0.027417849
0.027238052
0.027058465
0.026879097
0.026699956
0.026521051
0.02634239
0.026163982
0.025985835
0.025807959
0.02563036
0.025453048
0.02527603
0.025099315
0.024922911
0.024746826
0.024571067
0.024395644
0.024220563
0.024045832
0.02387146
0.023697454
0.023523821
0.02335057
0.023177707
0.02300524
0.022833176
0.022661523
0.022490288
0.022319478
0.022149101
0.021979162
0.02180967
0.021640631
0.021472052
0.02130394
0.021136302
0.020969143
0.020802471
0.020636293
0.020470614
0.020305441
0.02014078
0.019976638
0.01981302
0.019649934
0.019487384
0.019325376
0.019163918
0.019003013
0.018842669
0.01868289
0.018523683
0.018365053
0.018207004
0.018049544
0.017892676
0.017736407
0.01758074
0.017425682
0.017271237
0.017117411
0.016964207
0.016811632
0.016659689
0.016508383
0.016357718
0.0162077
0.016058333
0.01590962
0.015761566
0.015614176
0.015467453
0.015321401
0.015176025
0.015031327
0.014887313
0.014743986
0.014601348
0.014459405
0.014318159
0.014177614
0.014037773
0.013898639
0.013760216
0.013622506
0.013485514
0.013349241
0.01321369
0.013078865
0.012944768
0.012811402
0.012678769
0.012546872
0.012415714
0.012285296
0.012155621
0.012026691
0.011898509
0.011771076
0.011644395
0.011518466
0.011393293
0.011268877
0.01114522
0.011022323
0.010900187
0.010778816
0.010658208
0.010538367
0.010419294
0.010300989
0.010183453
0.010066689
0.009950696
0.009835476
0.009721029
0.009607357
0.00949446
0.009382339
0.009270994
0.009160425
0.009050634
0.008941621
0.008833385
0.008725927
0.008619248
0.008513348
0.008408225
0.008303882
0.008200316
0.008097529
0.00799552
0.007894288
0.007793834
0.007694157
0.007595257
0.007497132
0.007399783
0.007303208
0.007207408
0.007112381
0.007018126
0.006924643
0.00683193
0.006739987
0.006648813
0.006558406
0.006468765
0.006379889
0.006291777
0.006204427
0.006117838
0.006032008
0.005946936
0.005862621
0.005779061
0.005696253
0.005614197
0.005532891
0.005452332
0.005372519
0.00529345
0.005215123
0.005137536
0.005060687
0.004984573
0.004909193
0.004834545
0.004760625
0.004687432
0.004614964
0.004543218
0.004472191
0.004401881
0.004332286
0.004263403
0.004195229
0.004127761
0.004060998
0.003994936
0.003929573
0.003864905
0.00380093
0.003737644
0.003675046
0.003613132
0.003551898
0.003491343
0.003431463
0.003372254
0.003313714
0.003255839
0.003198627
0.003142073
0.003086175
0.00303093
0.002976334
0.002922383
0.002869075
0.002816405
0.002764371
0.002712969
0.002662196
0.002612047
0.00256252
0.00251361
0.002465314
0.002417629
0.002370551
0.002324076
0.002278201
0.002232921
0.002188233
0.002144134
0.002100619
0.002057684
0.002015327
0.001973542
0.001932327
0.001891676
0.001851588
0.001812056
0.001773078
0.00173465
0.001696767
0.001659426
0.001622622
0.001586352
0.001550612
0.001515398
0.001480705
0.00144653
0.001412868
0.001379715
0.001347068
0.001314923
0.001283274
0.001252119
0.001221453
0.001191271
0.001161571
0.001132347
0.001103596
0.001075313
0.001047495
0.001020137
0.000993235
0.000966784
0.000940782
0.000915223
0.000890104
0.00086542
0.000841168
0.000817342
0.00079394
0.000770956
0.000748387
0.000726229
0.000704477
0.000683127
0.000662176
0.000641619
0.000621451
0.00060167
0.00058227
0.000563248
0.0005446
0.000526321
0.000508407
0.000490855
0.000473661
0.000456819
0.000440327
0.00042418
0.000408375
0.000392906
0.000377771
0.000362965
0.000348484
0.000334325
0.000320483
0.000306954
0.000293735
0.000280822
0.00026821
0.000255896
0.000243877
0.000232147
0.000220703
0.000209542
