0.000453507
0.000549742
0.000655572
0.000771497
0.000898023
0.001035663
0.001184935
0.001346359
0.001520461
0.001707769
0.001908811
0.002124118
0.002354217
0.002599638
0.002860905
0.00313854
0.003433059
0.003744974
0.004074789
0.004423
0.004790094
0.005176547
0.005582824
0.006009378
0.006456645
0.00692505
0.007414998
0.00792688
0.008461064
0.009017901
0.009597721
0.010200831
0.010827515
0.011478031
0.012152615
0.012851472
0.013574783
0.014322699
0.015095341
0.0158928
0.016715136
0.017562375
0.018434513
0.019331509
0.020253289
0.021199744
0.022170729
0.023166062
0.024185525
0.025228862
0.02629578
0.027385947
0.028498994
0.029634512
0.030792056
0.03197114
0.033171241
0.034391795
0.035632202
0.036891825
0.038169985
0.03946597
0.040779029
0.042108373
0.04345318
0.044812591
0.046185714
0.047571621
0.048969353
0.050377919
0.051796297
0.053223435
0.054658252
0.05609964
0.057546465
0.058997569
0.060451768
0.061907859
0.063364617
0.064820798
0.066275142
0.067726371
0.069173194
0.07061431
0.072048405
0.073474156
0.074890236
0.076295309
0.077688041
0.079067091
0.080431125
0.081778806
0.083108807
0.084419802
0.08571048
0.086979534
0.088225676
0.089447628
0.09064413
0.091813941
0.092955839
0.094068626
0.095151126
0.096202192
0.097220702
0.098205565
0.09915572
0.10007014
0.100947833
0.101787842
0.102589249
0.103351174
0.104072779
0.104753266
0.105391882
0.105987918
0.106540711
0.107049643
0.107514148
0.107933703
0.108307838
0.108636134
0.108918221
0.109153781
0.109342549
0.109484312
0.109578909
0.109626235
0.109626235
0.109578909
0.109484312
0.109342549
0.109153781
0.108918221
0.108636134
0.108307838
0.107933703
0.107514148
0.107049643
0.106540711
0.105987918
0.105391882
0.104753266
0.104072779
0.103351174
0.102589249
0.101787842
0.100947833
0.10007014
0.09915572
0.098205565
0.097220702
0.096202192
0.095151126
0.094068626
0.092955839
0.091813941
0.09064413
0.089447628
0.088225676
0.086979534
0.08571048
0.084419802
0.083108807
0.081778806
0.080431125
0.079067091
0.077688041
0.076295309
0.074890236
0.073474156
0.072048405
0.07061431
0.069173194
0.067726371
0.066275142
0.064820798
0.063364617
0.061907859
0.060451768
0.058997569
0.057546465
0.05609964
0.054658252
0.053223435
0.051796297
0.050377919
0.048969353
0.047571621
0.046185714
0.044812591
0.04345318
0.042108373
0.040779029
0.03946597
0.038169985
0.036891825
0.035632202
0.034391795
0.033171241
0.03197114
0.030792056
0.029634512
0.028498994
0.027385947
0.02629578
0.025228862
0.024185525
0.023166062
0.022170729
0.021199744
0.020253289
0.019331509
0.018434513
0.017562375
0.016715136
0.0158928
0.015095341
0.014322699
0.013574783
0.012851472
0.012152615
0.011478031
0.010827515
0.010200831
0.009597721
0.009017901
0.008461064
0.00792688
0.007414998
0.00692505
0.006456645
0.006009378
0.005582824
0.005176547
0.004790094
0.004423
0.004074789
0.003744974
0.003433059
0.00313854
0.002860905
0.002599638
0.002354217
0.002124118
0.001908811
0.001707769
0.001520461
0.001346359
0.001184935
0.001035663
0.000898023
0.000771497
0.000655572
0.000549742
0.000453507
