0.003163808
0.003654381
0.004178191
0.004735956
0.005328343
0.00595597
0.006619402
0.007319148
0.008055655
0.008829312
0.009640438
0.01048929
0.011376051
0.012300834
0.013263676
0.014264538
0.015303302
0.016379769
0.017493659
0.018644606
0.019832161
0.021055786
0.022314857
0.023608662
0.024936398
0.026297175
0.027690009
0.02911383
0.030567477
0.032049697
0.033559151
0.03509441
0.036653958
0.038236193
0.039839427
0.041461891
0.043101731
0.044757018
0.046425741
0.048105818
0.049795094
0.051491343
0.053192274
0.054895534
0.05659871
0.05829933
0.059994875
0.061682774
0.063360414
0.065025142
0.066674268
0.068305075
0.069914816
0.071500726
0.073060022
0.074589912
0.076087596
0.077550275
0.078975153
0.080359447
0.081700386
0.082995223
0.084241237
0.085435737
0.086576072
0.087659632
0.088683858
0.089646243
0.090544341
0.091375769
0.092138215
0.092829442
0.093447294
0.093989699
0.094454677
0.094840341
0.095144903
0.095366682
0.095504102
0.0955557
0.09552013
0.095396164
0.095182699
0.094878757
0.09448349
0.093996183
0.093416255
0.092743261
0.091976899
0.091117004
0.090163554
0.089116673
0.087976628
0.086743831
0.085418841
0.084002362
0.082495243
0.08089848
0.079213213
0.077440723
0.075582436
0.073639918
0.071614871
0.069509136
0.067324687
0.065063628
0.062728192
0.060320737
0.057843742
0.055299803
0.052691629
0.050022038
0.047293955
0.044510401
0.041674494
0.038789442
0.035858536
0.032885147
0.029872718
0.026824762
0.02374485
0.02063661
0.017503719
0.014349897
0.011178899
0.007994512
0.004800544
0.001600821
-0.001600821
-0.004800544
-0.007994512
-0.011178899
-0.014349897
-0.017503719
-0.02063661
-0.02374485
-0.026824762
-0.029872718
-0.032885147
-0.035858536
-0.038789442
-0.041674494
-0.044510401
-0.047293955
-0.050022038
-0.052691629
-0.055299803
-0.057843742
-0.060320737
-0.062728192
-0.065063628
-0.067324687
-0.069509136
-0.071614871
-0.073639918
-0.075582436
-0.077440723
-0.079213213
-0.08089848
-0.082495243
-0.084002362
-0.085418841
-0.086743831
-0.087976628
-0.089116673
-0.090163554
-0.091117004
-0.091976899
-0.092743261
-0.093416255
-0.093996183
-0.09448349
-0.094878757
-0.095182699
-0.095396164
-0.09552013
-0.0955557
-0.095504102
-0.095366682
-0.095144903
-0.094840341
-0.094454677
-0.093989699
-0.093447294
-0.092829442
-0.092138215
-0.091375769
-0.090544341
-0.089646243
-0.088683858
-0.087659632
-0.086576072
-0.085435737
-0.084241237
-0.082995223
-0.081700386
-0.080359447
-0.078975153
-0.077550275
-0.076087596
-0.074589912
-0.073060022
-0.071500726
-0.069914816
-0.068305075
-0.066674268
-0.065025142
-0.063360414
-0.061682774
-0.059994875
-0.05829933
-0.05659871
-0.054895534
-0.053192274
-0.051491343
-0.049795094
-0.048105818
-0.046425741
-0.044757018
-0.043101731
-0.041461891
-0.039839427
-0.038236193
-0.036653958
-0.03509441
-0.033559151
-0.032049697
-0.030567477
-0.02911383
-0.027690009
-0.026297175
-0.024936398
-0.023608662
-0.022314857
-0.021055786
-0.019832161
-0.018644606
-0.017493659
-0.016379769
-0.015303302
-0.014264538
-0.013263676
-0.012300834
-0.011376051
-0.01048929
-0.009640438
-0.008829312
-0.008055655
-0.007319148
-0.006619402
-0.00595597
-0.005328343
-0.004735956
-0.004178191
-0.003654381
-0.003163808
