0.014360824
0.01583829
0.017368068
0.018948698
0.020578557
0.022255855
0.023978642
0.025744806
0.027552073
0.029398016
0.031280053
0.033195451
0.03514133
0.037114669
0.03911231
0.041130961
0.043167206
0.045217508
0.047278214
0.049345567
0.051415709
0.05348469
0.055548476
0.057602959
0.059643963
0.061667255
0.063668551
0.065643532
0.067587846
0.069497126
0.071366992
0.073193068
0.074970989
0.076696414
0.078365033
0.079972581
0.081514849
0.082987693
0.084387044
0.085708924
0.086949449
0.088104845
0.089171458
0.090145762
0.09102437
0.091804044
0.092481707
0.093054446
0.093519528
0.093874404
0.09411672
0.094244323
0.09425527
0.094147835
0.093920512
0.093572029
0.093101345
0.09250766
0.091790421
0.090949321
0.089984307
0.08889558
0.087683599
0.086349084
0.084893013
0.083316626
0.081621426
0.079809173
0.077881888
0.075841848
0.073691585
0.071433882
0.069071769
0.066608519
0.064047642
0.061392881
0.058648205
0.055817799
0.052906063
0.049917599
0.046857202
0.043729856
0.040540719
0.037295115
0.033998527
0.030656578
0.027275028
0.023859758
0.020416757
0.016952114
0.013472
0.00998266
0.006490396
0.003001556
-0.000477482
-0.00394032
-0.007380559
-0.010791807
-0.014167698
-0.017501902
-0.020788142
-0.024020207
-0.027191964
-0.030297373
-0.033330501
-0.036285536
-0.039156796
-0.041938746
-0.044626008
-0.047213376
-0.049695823
-0.052068517
-0.05432683
-0.056466348
-0.058482882
-0.060372477
-0.062131423
-0.063756259
-0.065243786
-0.06659107
-0.067795452
-0.068854553
-0.06976628
-0.070528827
-0.071140686
-0.071600644
-0.07190779
-0.072061515
-0.072061515
-0.07190779
-0.071600644
-0.071140686
-0.070528827
-0.06976628
-0.068854553
-0.067795452
-0.06659107
-0.065243786
-0.063756259
-0.062131423
-0.060372477
-0.058482882
-0.056466348
-0.05432683
-0.052068517
-0.049695823
-0.047213376
-0.044626008
-0.041938746
-0.039156796
-0.036285536
-0.033330501
-0.030297373
-0.027191964
-0.024020207
-0.020788142
-0.017501902
-0.014167698
-0.010791807
-0.007380559
-0.00394032
-0.000477482
0.003001556
0.006490396
0.00998266
0.013472
0.016952114
0.020416757
0.023859758
0.027275028
0.030656578
0.033998527
0.037295115
0.040540719
0.043729856
0.046857202
0.049917599
0.052906063
0.055817799
0.058648205
0.061392881
0.064047642
0.066608519
0.069071769
0.071433882
0.073691585
0.075841848
0.077881888
0.079809173
0.081621426
0.083316626
0.084893013
0.086349084
0.087683599
0.08889558
0.089984307
0.090949321
0.091790421
0.09250766
0.093101345
0.093572029
0.093920512
0.094147835
0.09425527
0.094244323
0.09411672
0.093874404
0.093519528
0.093054446
0.092481707
0.091804044
0.09102437
0.090145762
0.089171458
0.088104845
0.086949449
0.085708924
0.084387044
0.082987693
0.081514849
0.079972581
0.078365033
0.076696414
0.074970989
0.073193068
0.071366992
0.069497126
0.067587846
0.065643532
0.063668551
0.061667255
0.059643963
0.057602959
0.055548476
0.05348469
0.051415709
0.049345567
0.047278214
0.045217508
0.043167206
0.041130961
0.03911231
0.037114669
0.03514133
0.033195451
0.031280053
0.029398016
0.027552073
0.025744806
0.023978642
0.022255855
0.020578557
0.018948698
0.017368068
0.01583829
0.014360824
