0.046295341
0.048930129
0.051558479
0.05417411
0.056770666
0.05934174
0.061880888
0.064381645
0.066837546
0.069242141
0.071589016
0.073871807
0.076084222
0.078220057
0.080273214
0.08223772
0.084107745
0.085877617
0.087541843
0.089095123
0.090532367
0.091848713
0.093039541
0.094100488
0.095027464
0.095816663
0.096464582
0.096968025
0.097324123
0.09753034
0.097584485
0.097484719
0.097229567
0.096817924
0.096249059
0.095522623
0.094638654
0.093597578
0.092400213
0.091047768
0.089541847
0.087884446
0.08607795
0.08412513
0.082029143
0.07979352
0.077422165
0.074919345
0.072289683
0.069538146
0.066670038
0.063690986
0.060606927
0.057424098
0.054149017
0.050788472
0.047349501
0.04383938
0.0402656
0.036635854
0.032958013
0.029240112
0.025490323
0.021716943
0.017928363
0.014133057
0.010339551
0.006556408
0.002792201
-0.000944506
-0.004645184
-0.008301356
-0.011904626
-0.015446696
-0.018919392
-0.022314684
-0.025624705
-0.02884178
-0.031958437
-0.034967435
-0.037861781
-0.04063475
-0.043279901
-0.045791098
-0.048162527
-0.05038871
-0.052464522
-0.054385207
-0.056146388
-0.057744084
-0.059174716
-0.060435125
-0.061522575
-0.062434764
-0.063169831
-0.063726363
-0.064103398
-0.064300429
-0.064317408
-0.064154746
-0.063813312
-0.063294433
-0.062599893
-0.061731926
-0.060693212
-0.059486871
-0.058116459
-0.056585952
-0.054899744
-0.053062631
-0.0510798
-0.048956818
-0.046699617
-0.044314476
-0.04180801
-0.039187149
-0.036459122
-0.033631437
-0.030711863
-0.02770841
-0.024629306
-0.021482979
-0.01827803
-0.015023216
-0.011727425
-0.00839965
-0.005048969
-0.001684521
0.001684521
0.005048969
0.00839965
0.011727425
0.015023216
0.01827803
0.021482979
0.024629306
0.02770841
0.030711863
0.033631437
0.036459122
0.039187149
0.04180801
0.044314476
0.046699617
0.048956818
0.0510798
0.053062631
0.054899744
0.056585952
0.058116459
0.059486871
0.060693212
0.061731926
0.062599893
0.063294433
0.063813312
0.064154746
0.064317408
0.064300429
0.064103398
0.063726363
0.063169831
0.062434764
0.061522575
0.060435125
0.059174716
0.057744084
0.056146388
0.054385207
0.052464522
0.05038871
0.048162527
0.045791098
0.043279901
0.04063475
0.037861781
0.034967435
0.031958437
0.02884178
0.025624705
0.022314684
0.018919392
0.015446696
0.011904626
0.008301356
0.004645184
0.000944506
-0.002792201
-0.006556408
-0.010339551
-0.014133057
-0.017928363
-0.021716943
-0.025490323
-0.029240112
-0.032958013
-0.036635854
-0.0402656
-0.04383938
-0.047349501
-0.050788472
-0.054149017
-0.057424098
-0.060606927
-0.063690986
-0.066670038
-0.069538146
-0.072289683
-0.074919345
-0.077422165
-0.07979352
-0.082029143
-0.08412513
-0.08607795
-0.087884446
-0.089541847
-0.091047768
-0.092400213
-0.093597578
-0.094638654
-0.095522623
-0.096249059
-0.096817924
-0.097229567
-0.097484719
-0.097584485
-0.09753034
-0.097324123
-0.096968025
-0.096464582
-0.095816663
-0.095027464
-0.094100488
-0.093039541
-0.091848713
-0.090532367
-0.089095123
-0.087541843
-0.085877617
-0.084107745
-0.08223772
-0.080273214
-0.078220057
-0.076084222
-0.073871807
-0.071589016
-0.069242141
-0.066837546
-0.064381645
-0.061880888
-0.05934174
-0.056770666
-0.05417411
-0.051558479
-0.048930129
-0.046295341
