0.102851303
0.104686663
0.106348681
0.107831815
0.109130974
0.110241537
0.111159369
0.111880833
0.112402807
0.112722696
0.11283844
0.112748526
0.112451994
0.111948442
0.111238031
0.110321488
0.109200108
0.107875747
0.106350828
0.10462833
0.102711784
0.100605268
0.098313393
0.095841294
0.093194619
0.090379512
0.087402598
0.084270966
0.080992152
0.077574115
0.074025217
0.070354202
0.066570171
0.062682554
0.058701086
0.054635782
0.050496904
0.046294935
0.042040548
0.037744575
0.033417979
0.029071817
0.024717213
0.020365325
0.016027308
0.011714287
0.007437322
0.003207377
-0.000964716
-0.005068283
-0.009092846
-0.013028148
-0.016864187
-0.020591246
-0.024199919
-0.02768114
-0.031026214
-0.034226836
-0.037275122
-0.04016363
-0.042885381
-0.045433883
-0.047803148
-0.049987713
-0.051982653
-0.053783597
-0.055386744
-0.05678887
-0.057987342
-0.058980122
-0.059765778
-0.060343484
-0.060713023
-0.060874793
-0.060829799
-0.060579653
-0.060126569
-0.059473359
-0.058623417
-0.057580719
-0.056349801
-0.054935752
-0.053344197
-0.051581276
-0.049653632
-0.047568384
-0.04533311
-0.042955822
-0.040444942
-0.037809275
-0.035057984
-0.03220056
-0.029246794
-0.026206747
-0.023090719
-0.019909217
-0.016672923
-0.013392662
-0.010079367
-0.006744047
-0.003397751
-5.15E-05
0.003283562
0.006596579
0.009876635
0.013112984
0.016295037
0.019412401
0.022454908
0.025412647
0.028275994
0.031035643
0.033682634
0.03620838
0.038604694
0.040863816
0.042978434
0.044941708
0.046747292
0.048389352
0.049862585
0.051162235
0.052284107
0.053224583
0.053980628
0.054549805
0.054930279
0.055120824
0.055120824
0.054930279
0.054549805
0.053980628
0.053224583
0.052284107
0.051162235
0.049862585
0.048389352
0.046747292
0.044941708
0.042978434
0.040863816
0.038604694
0.03620838
0.033682634
0.031035643
0.028275994
0.025412647
0.022454908
0.019412401
0.016295037
0.013112984
0.009876635
0.006596579
0.003283562
-5.15E-05
-0.003397751
-0.006744047
-0.010079367
-0.013392662
-0.016672923
-0.019909217
-0.023090719
-0.026206747
-0.029246794
-0.03220056
-0.035057984
-0.037809275
-0.040444942
-0.042955822
-0.04533311
-0.047568384
-0.049653632
-0.051581276
-0.053344197
-0.054935752
-0.056349801
-0.057580719
-0.058623417
-0.059473359
-0.060126569
-0.060579653
-0.060829799
-0.060874793
-0.060713023
-0.060343484
-0.059765778
-0.058980122
-0.057987342
-0.05678887
-0.055386744
-0.053783597
-0.051982653
-0.049987713
-0.047803148
-0.045433883
-0.042885381
-0.04016363
-0.037275122
-0.034226836
-0.031026214
-0.02768114
-0.024199919
-0.020591246
-0.016864187
-0.013028148
-0.009092846
-0.005068283
-0.000964716
0.003207377
0.007437322
0.011714287
0.016027308
0.020365325
0.024717213
0.029071817
0.033417979
0.037744575
0.042040548
0.046294935
0.050496904
0.054635782
0.058701086
0.062682554
0.066570171
0.070354202
0.074025217
0.077574115
0.080992152
0.084270966
0.087402598
0.090379512
0.093194619
0.095841294
0.098313393
0.100605268
0.102711784
0.10462833
0.106350828
0.107875747
0.109200108
0.110321488
0.111238031
0.111948442
0.112451994
0.112748526
0.11283844
0.112722696
0.112402807
0.111880833
0.111159369
0.110241537
0.109130974
0.107831815
0.106348681
0.104686663
0.102851303
