0.162099741
0.159131973
0.155880327
0.152354042
0.148563127
0.14451833
0.140231104
0.135713575
0.1309785
0.126039233
0.120909678
0.115604252
0.110137837
0.104525733
0.098783614
0.092927478
0.086973598
0.080938468
0.07483876
0.068691264
0.062512841
0.056320372
0.0501307
0.043960584
0.037826646
0.031745318
0.025732793
0.019804976
0.013977433
0.008265347
0.002683468
-0.002753928
-0.008033087
-0.013140813
-0.01806451
-0.022792221
-0.027312662
-0.031615256
-0.035690162
-0.039528307
-0.043121407
-0.046461997
-0.049543445
-0.052359975
-0.054906677
-0.057179527
-0.059175388
-0.060892022
-0.06232809
-0.063483158
-0.064357687
-0.064953034
-0.065271441
-0.065316025
-0.065090762
-0.064600473
-0.063850804
-0.062848202
-0.061599893
-0.06011385
-0.058398771
-0.056464039
-0.054319695
-0.051976394
-0.049445376
-0.046738417
-0.043867793
-0.040846235
-0.037686884
-0.034403245
-0.031009142
-0.027518665
-0.023946128
-0.020306013
-0.016612925
-0.01288154
-0.009126553
-0.005362631
-0.001604363
0.002133795
0.005837562
0.009492884
0.01308598
0.016603391
0.020032023
0.023359188
0.026572654
0.029660679
0.03261205
0.035416125
0.038062864
0.040542862
0.04284738
0.044968375
0.046898522
0.048631242
0.050160718
0.051481915
0.052590596
0.053483331
0.054157513
0.054611357
0.054843909
0.054855045
0.054645469
0.054216709
0.053571109
0.052711817
0.051642775
0.0503687
0.048895065
0.04722808
0.045374665
0.043342428
0.041139632
0.038775165
0.036258508
0.033599699
0.030809295
0.027898337
0.024878301
0.021761066
0.018558864
0.015284234
0.011949983
0.008569133
0.005154877
0.001720528
-0.001720528
-0.005154877
-0.008569133
-0.011949983
-0.015284234
-0.018558864
-0.021761066
-0.024878301
-0.027898337
-0.030809295
-0.033599699
-0.036258508
-0.038775165
-0.041139632
-0.043342428
-0.045374665
-0.04722808
-0.048895065
-0.0503687
-0.051642775
-0.052711817
-0.053571109
-0.054216709
-0.054645469
-0.054855045
-0.054843909
-0.054611357
-0.054157513
-0.053483331
-0.052590596
-0.051481915
-0.050160718
-0.048631242
-0.046898522
-0.044968375
-0.04284738
-0.040542862
-0.038062864
-0.035416125
-0.03261205
-0.029660679
-0.026572654
-0.023359188
-0.020032023
-0.016603391
-0.01308598
-0.009492884
-0.005837562
-0.002133795
0.001604363
0.005362631
0.009126553
0.01288154
0.016612925
0.020306013
0.023946128
0.027518665
0.031009142
0.034403245
0.037686884
0.040846235
0.043867793
0.046738417
0.049445376
0.051976394
0.054319695
0.056464039
0.058398771
0.06011385
0.061599893
0.062848202
0.063850804
0.064600473
0.065090762
0.065316025
0.065271441
0.064953034
0.064357687
0.063483158
0.06232809
0.060892022
0.059175388
0.057179527
0.054906677
0.052359975
0.049543445
0.046461997
0.043121407
0.039528307
0.035690162
0.031615256
0.027312662
0.022792221
0.01806451
0.013140813
0.008033087
0.002753928
-0.002683468
-0.008265347
-0.013977433
-0.019804976
-0.025732793
-0.031745318
-0.037826646
-0.043960584
-0.0501307
-0.056320372
-0.062512841
-0.068691264
-0.07483876
-0.080938468
-0.086973598
-0.092927478
-0.098783614
-0.104525733
-0.110137837
-0.115604252
-0.120909678
-0.126039233
-0.1309785
-0.135713575
-0.140231104
-0.14451833
-0.148563127
-0.152354042
-0.155880327
-0.159131973
-0.162099741
