0.202222401
0.19018828
0.178108349
0.166015358
0.153941722
0.141919418
0.129979889
0.118153951
0.106471698
0.094962414
0.083654487
0.072575322
0.06175127
0.051207547
0.040968164
0.031055862
0.021492051
0.012296751
0.003488544
-0.004915479
-0.012899751
-0.020450271
-0.027554633
-0.034202049
-0.04038337
-0.046091098
-0.051319394
-0.056064081
-0.060322641
-0.064094201
-0.067379526
-0.07018099
-0.072502559
-0.074349751
-0.075729608
-0.076650651
-0.077122834
-0.077157493
-0.076767294
-0.075966172
-0.074769267
-0.073192859
-0.071254295
-0.068971921
-0.066364998
-0.063453631
-0.060258679
-0.056801679
-0.053104757
-0.049190542
-0.04508208
-0.040802742
-0.036376136
-0.031826023
-0.02717622
-0.022450516
-0.017672586
-0.012865898
-0.008053637
-0.003258613
0.001496816
0.006190823
0.010802191
0.015310382
0.019695615
0.023938926
0.028022234
0.031928404
0.035641298
0.039145831
0.042428016
0.045475007
0.048275138
0.050817959
0.053094259
0.055096094
0.056816807
0.058251039
0.059394737
0.060245162
0.060800883
0.061061774
0.061029003
0.06070501
0.060093494
0.059199381
0.058028799
0.056589037
0.054888509
0.052936714
0.050744181
0.048322424
0.045683886
0.042841879
0.039810525
0.036604692
0.033239925
0.02973238
0.02609875
0.022356194
0.018522264
0.014614826
0.010651986
0.006652011
0.002633253
-0.001385929
-0.005387246
-0.009352557
-0.013263942
-0.01710378
-0.020854821
-0.024500257
-0.028023792
-0.031409708
-0.034642932
-0.037709097
-0.040594602
-0.043286664
-0.045773375
-0.04804375
-0.050087767
-0.051896417
-0.05346173
-0.054776817
-0.055835892
-0.056634298
-0.057168526
-0.057436228
-0.057436228
-0.057168526
-0.056634298
-0.055835892
-0.054776817
-0.05346173
-0.051896417
-0.050087767
-0.04804375
-0.045773375
-0.043286664
-0.040594602
-0.037709097
-0.034642932
-0.031409708
-0.028023792
-0.024500257
-0.020854821
-0.01710378
-0.013263942
-0.009352557
-0.005387246
-0.001385929
0.002633253
0.006652011
0.010651986
0.014614826
0.018522264
0.022356194
0.02609875
0.02973238
0.033239925
0.036604692
0.039810525
0.042841879
0.045683886
0.048322424
0.050744181
0.052936714
0.054888509
0.056589037
0.058028799
0.059199381
0.060093494
0.06070501
0.061029003
0.061061774
0.060800883
0.060245162
0.059394737
0.058251039
0.056816807
0.055096094
0.053094259
0.050817959
0.048275138
0.045475007
0.042428016
0.039145831
0.035641298
0.031928404
0.028022234
0.023938926
0.019695615
0.015310382
0.010802191
0.006190823
0.001496816
-0.003258613
-0.008053637
-0.012865898
-0.017672586
-0.022450516
-0.02717622
-0.031826023
-0.036376136
-0.040802742
-0.04508208
-0.049190542
-0.053104757
-0.056801679
-0.060258679
-0.063453631
-0.066364998
-0.068971921
-0.071254295
-0.073192859
-0.074769267
-0.075966172
-0.076767294
-0.077157493
-0.077122834
-0.076650651
-0.075729608
-0.074349751
-0.072502559
-0.07018099
-0.067379526
-0.064094201
-0.060322641
-0.056064081
-0.051319394
-0.046091098
-0.04038337
-0.034202049
-0.027554633
-0.020450271
-0.012899751
-0.004915479
0.003488544
0.012296751
0.021492051
0.031055862
0.040968164
0.051207547
0.06175127
0.072575322
0.083654487
0.094962414
0.106471698
0.118153951
0.129979889
0.141919418
0.153941722
0.166015358
0.178108349
0.19018828
0.202222401
