0.222572418
0.198029276
0.174375357
0.151646063
0.12987309
0.109084389
0.089304143
0.070552755
0.052846845
0.036199271
0.020619153
0.006111913
-0.007320674
-0.019680415
-0.030972621
-0.041206026
-0.050392683
-0.058547861
-0.065689926
-0.071840212
-0.077022889
-0.081264818
-0.084595399
-0.087046415
-0.088651864
-0.089447795
-0.089472129
-0.088764485
-0.087365991
-0.085319106
-0.082667431
-0.07945552
-0.075728691
-0.07153284
-0.066914253
-0.061919417
-0.056594839
-0.050986865
-0.0451415
-0.039104238
-0.032919891
-0.026632427
-0.020284812
-0.013918859
-0.007575088
-0.001292581
0.004891138
0.010940227
0.016820639
0.022500223
0.027948817
0.033138334
0.038042834
0.042638592
0.046904148
0.050820354
0.054370409
0.057539878
0.06031671
0.062691243
0.064656191
0.066206634
0.067339987
0.06805597
0.068356558
0.068245927
0.067730399
0.066818362
0.065520196
0.063848189
0.061816438
0.059440755
0.056738558
0.05372876
0.050431655
0.046868792
0.043062856
0.039037534
0.034817388
0.030427719
0.025894433
0.021243905
0.01650284
0.01169814
0.006856765
0.002005599
-0.00282868
-0.007619736
-0.012341696
-0.016969279
-0.021477915
-0.025843858
-0.030044301
-0.034057475
-0.037862756
-0.041440753
-0.044773396
-0.047844016
-0.050637418
-0.053139945
-0.055339537
-0.057225779
-0.058789943
-0.060025022
-0.060925753
-0.061488635
-0.061711936
-0.061595693
-0.061141704
-0.060353509
-0.059236368
-0.057797222
-0.056044659
-0.05398886
-0.051641544
-0.049015907
-0.046126548
-0.042989396
-0.039621625
-0.036041567
-0.032268618
-0.028323138
-0.024226351
-0.020000236
-0.015667416
-0.011251048
-0.006774703
-0.002262253
0.002262253
0.006774703
0.011251048
0.015667416
0.020000236
0.024226351
0.028323138
0.032268618
0.036041567
0.039621625
0.042989396
0.046126548
0.049015907
0.051641544
0.05398886
0.056044659
0.057797222
0.059236368
0.060353509
0.061141704
0.061595693
0.061711936
0.061488635
0.060925753
0.060025022
0.058789943
0.057225779
0.055339537
0.053139945
0.050637418
0.047844016
0.044773396
0.041440753
0.037862756
0.034057475
0.030044301
0.025843858
0.021477915
0.016969279
0.012341696
0.007619736
0.00282868
-0.002005599
-0.006856765
-0.01169814
-0.01650284
-0.021243905
-0.025894433
-0.030427719
-0.034817388
-0.039037534
-0.043062856
-0.046868792
-0.050431655
-0.05372876
-0.056738558
-0.059440755
-0.061816438
-0.063848189
-0.065520196
-0.066818362
-0.067730399
-0.068245927
-0.068356558
-0.06805597
-0.067339987
-0.066206634
-0.064656191
-0.062691243
-0.06031671
-0.057539878
-0.054370409
-0.050820354
-0.046904148
-0.042638592
-0.038042834
-0.033138334
-0.027948817
-0.022500223
-0.016820639
-0.010940227
-0.004891138
0.001292581
0.007575088
0.013918859
0.020284812
0.026632427
0.032919891
0.039104238
0.0451415
0.050986865
0.056594839
0.061919417
0.066914253
0.07153284
0.075728691
0.07945552
0.082667431
0.085319106
0.087365991
0.088764485
0.089472129
0.089447795
0.088651864
0.087046415
0.084595399
0.081264818
0.077022889
0.071840212
0.065689926
0.058547861
0.050392683
0.041206026
0.030972621
0.019680415
0.007320674
-0.006111913
-0.020619153
-0.036199271
-0.052846845
-0.070552755
-0.089304143
-0.109084389
-0.12987309
-0.151646063
-0.174375357
-0.198029276
-0.222572418
