0.000304281
0.000336653
0.000370656
0.000406333
0.000443727
0.000482884
0.000523847
0.000566662
0.000611373
0.000658025
0.000706665
0.000757337
0.000810089
0.000864966
0.000922014
0.000981279
0.001042809
0.00110665
0.001172848
0.001241451
0.001312505
0.001386057
0.001462154
0.001540843
0.00162217
0.001706182
0.001792926
0.001882448
0.001974794
0.00207001
0.002168143
0.002269238
0.00237334
0.002480495
0.002590748
0.002704143
0.002820725
0.002940536
0.003063622
0.003190024
0.003319786
0.00345295
0.003589556
0.003729647
0.003873263
0.004020443
0.004171228
0.004325656
0.004483765
0.004645592
0.004811174
0.004980548
0.005153748
0.005330808
0.005511763
0.005696644
0.005885485
0.006078315
0.006275165
0.006476065
0.006681042
0.006890123
0.007103334
0.007320702
0.007542249
0.007767998
0.007997972
0.008232192
0.008470676
0.008713442
0.00896051
0.009211893
0.009467606
0.009727664
0.009992078
0.010260859
0.010534016
0.010811557
0.01109349
0.011379818
0.011670547
0.011965678
0.012265213
0.012569151
0.01287749
0.013190227
0.013507356
0.013828871
0.014154764
0.014485025
0.014819643
0.015158605
0.015501898
0.015849504
0.016201406
0.016557585
0.016918019
0.017282688
0.017651565
0.018024625
0.01840184
0.018783182
0.019168619
0.019558119
0.019951647
0.020349167
0.020750641
0.021156031
0.021565294
0.021978388
0.022395268
0.022815889
0.023240201
0.023668155
0.024099701
0.024534784
0.02497335
0.025415343
0.025860705
0.026309375
0.026761292
0.027216393
0.027674614
0.028135888
0.028600146
0.02906732
0.029537338
0.030010128
0.030485614
0.030963722
0.031444373
0.03192749
0.03241299
0.032900793
0.033390815
0.033882972
0.034377176
0.034873341
0.035371377
0.035871194
0.036372701
0.036875803
0.037380408
0.037886419
0.038393741
0.038902273
0.039411919
0.039922577
0.040434146
0.040946524
0.041459607
0.04197329
0.042487468
0.043002036
0.043516884
0.044031905
0.04454699
0.045062029
0.045576911
0.046091524
0.046605757
0.047119497
0.047632629
0.048145041
0.048656617
0.049167242
0.0496768
0.050185176
0.050692252
0.051197913
0.05170204
0.052204517
0.052705225
0.053204046
0.053700864
0.054195558
0.054688012
0.055178107
0.055665724
0.056150745
0.056633053
0.057112529
0.057589056
0.058062515
0.05853279
0.058999764
0.05946332
0.059923342
0.060379713
0.06083232
0.061281047
0.06172578
0.062166406
0.062602811
0.063034883
0.063462512
0.063885586
0.064303996
0.064717632
0.065126388
0.065530155
0.065928828
0.066322303
0.066710474
0.067093239
0.067470497
0.067842148
0.068208092
0.068568231
0.068922469
0.069270711
0.069612863
0.069948833
0.07027853
0.070601864
0.070918748
0.071229096
0.071532823
0.071829847
0.072120085
0.072403459
0.072679891
0.072949304
0.073211625
0.073466782
0.073714703
0.073955321
0.074188568
0.07441438
0.074632695
0.074843451
0.07504659
0.075242056
0.075429793
0.07560975
0.075781876
0.075946123
0.076102445
0.076250799
0.076391142
0.076523435
0.076647641
0.076763726
0.076871656
0.076971401
0.077062933
0.077146226
0.077221257
0.077288005
0.077346451
0.077396578
0.077438372
0.077471821
0.077496917
0.077513651
0.077522019
0.077522019
0.077513651
0.077496917
0.077471821
0.077438372
0.077396578
0.077346451
0.077288005
0.077221257
0.077146226
0.077062933
0.076971401
0.076871656
0.076763726
0.076647641
0.076523435
0.076391142
0.076250799
0.076102445
0.075946123
0.075781876
0.07560975
0.075429793
0.075242056
0.07504659
0.074843451
0.074632695
0.07441438
0.074188568
0.073955321
0.073714703
0.073466782
0.073211625
0.072949304
0.072679891
0.072403459
0.072120085
0.071829847
0.071532823
0.071229096
0.070918748
0.070601864
0.07027853
0.069948833
0.069612863
0.069270711
0.068922469
0.068568231
0.068208092
0.067842148
0.067470497
0.067093239
0.066710474
0.066322303
0.065928828
0.065530155
0.065126388
0.064717632
0.064303996
0.063885586
0.063462512
0.063034883
0.062602811
0.062166406
0.06172578
0.061281047
0.06083232
0.060379713
0.059923342
0.05946332
0.058999764
0.05853279
0.058062515
0.057589056
0.057112529
0.056633053
0.056150745
0.055665724
0.055178107
0.054688012
0.054195558
0.053700864
0.053204046
0.052705225
0.052204517
0.05170204
0.051197913
0.050692252
0.050185176
0.0496768
0.049167242
0.048656617
0.048145041
0.047632629
0.047119497
0.046605757
0.046091524
0.045576911
0.045062029
0.04454699
0.044031905
0.043516884
0.043002036
0.042487468
0.04197329
0.041459607
0.040946524
0.040434146
0.039922577
0.039411919
0.038902273
0.038393741
0.037886419
0.037380408
0.036875803
0.036372701
0.035871194
0.035371377
0.034873341
0.034377176
0.033882972
0.033390815
0.032900793
0.03241299
0.03192749
0.031444373
0.030963722
0.030485614
0.030010128
0.029537338
0.02906732
0.028600146
0.028135888
0.027674614
0.027216393
0.026761292
0.026309375
0.025860705
0.025415343
0.02497335
0.024534784
0.024099701
0.023668155
0.023240201
0.022815889
0.022395268
0.021978388
0.021565294
0.021156031
0.020750641
0.020349167
0.019951647
0.019558119
0.019168619
0.018783182
0.01840184
0.018024625
0.017651565
0.017282688
0.016918019
0.016557585
0.016201406
0.015849504
0.015501898
0.015158605
0.014819643
0.014485025
0.014154764
0.013828871
0.013507356
0.013190227
0.01287749
0.012569151
0.012265213
0.011965678
0.011670547
0.011379818
0.01109349
0.010811557
0.010534016
0.010260859
0.009992078
0.009727664
0.009467606
0.009211893
0.00896051
0.008713442
0.008470676
0.008232192
0.007997972
0.007767998
0.007542249
0.007320702
0.007103334
0.006890123
0.006681042
0.006476065
0.006275165
0.006078315
0.005885485
0.005696644
0.005511763
0.005330808
0.005153748
0.004980548
0.004811174
0.004645592
0.004483765
0.004325656
0.004171228
0.004020443
0.003873263
0.003729647
0.003589556
0.00345295
0.003319786
0.003190024
0.003063622
0.002940536
0.002820725
0.002704143
0.002590748
0.002480495
0.00237334
0.002269238
0.002168143
0.00207001
0.001974794
0.001882448
0.001792926
0.001706182
0.00162217
0.001540843
0.001462154
0.001386057
0.001312505
0.001241451
0.001172848
0.00110665
0.001042809
0.000981279
0.000922014
0.000864966
0.000810089
0.000757337
0.000706665
0.000658025
0.000611373
0.000566662
0.000523847
0.000482884
0.000443727
0.000406333
0.000370656
0.000336653
0.000304281
