0.002152706
0.002320334
0.002493739
0.002672986
0.002858143
0.003049271
0.003246433
0.003449687
0.00365909
0.003874697
0.004096561
0.004324732
0.004559256
0.004800178
0.005047542
0.005301387
0.00556175
0.005828665
0.006102163
0.006382273
0.006669021
0.006962428
0.007262515
0.007569298
0.00788279
0.008203001
0.008529937
0.008863602
0.009203997
0.009551116
0.009904955
0.010265501
0.010632742
0.01100666
0.011387233
0.011774437
0.012168243
0.01256862
0.01297553
0.013388935
0.013808791
0.01423505
0.014667661
0.015106568
0.015551714
0.016003035
0.016460463
0.016923928
0.017393356
0.017868667
0.018349779
0.018836604
0.019329053
0.01982703
0.020330437
0.020839171
0.021353125
0.02187219
0.022396249
0.022925186
0.023458877
0.023997196
0.024540013
0.025087195
0.025638602
0.026194094
0.026753525
0.027316747
0.027883605
0.028453945
0.029027604
0.029604421
0.030184227
0.030766852
0.031352122
0.031939859
0.032529882
0.033122008
0.033716048
0.034311812
0.034909106
0.035507735
0.036107497
0.036708192
0.037309612
0.037911551
0.038513797
0.039116137
0.039718355
0.040320233
0.040921551
0.041522084
0.042121609
0.042719898
0.043316722
0.043911849
0.044505047
0.045096082
0.045684717
0.046270714
0.046853835
0.047433839
0.048010484
0.048583527
0.049152726
0.049717835
0.05027861
0.050834803
0.051386169
0.051932461
0.052473432
0.053008833
0.053538418
0.054061938
0.054579147
0.055089798
0.055593643
0.056090437
0.056579934
0.057061889
0.057536058
0.058002198
0.058460068
0.058909426
0.059350033
0.059781653
0.060204047
0.060616983
0.061020227
0.061413548
0.061796719
0.062169512
0.062531704
0.062883073
0.0632234
0.063552469
0.063870066
0.064175981
0.064470005
0.064751935
0.065021569
0.06527871
0.065523163
0.065754738
0.065973248
0.066178509
0.066370342
0.066548572
0.066713029
0.066863545
0.066999957
0.067122109
0.067229846
0.067323019
0.067401485
0.067465105
0.067513743
0.067547271
0.067565564
0.067568503
0.067555974
0.06752787
0.067484086
0.067424525
0.067349096
0.067257711
0.067150289
0.067026757
0.066887045
0.066731089
0.066558832
0.066370223
0.066165217
0.065943773
0.06570586
0.065451449
0.065180521
0.064893061
0.064589061
0.064268518
0.063931438
0.06357783
0.063207713
0.06282111
0.062418051
0.061998572
0.061562717
0.061110534
0.060642079
0.060157416
0.059656611
0.059139741
0.058606887
0.058058137
0.057493585
0.056913332
0.056317485
0.055706158
0.05507947
0.054437547
0.053780522
0.053108532
0.052421722
0.051720243
0.051004252
0.050273911
0.049529388
0.048770859
0.047998503
0.047212507
0.046413063
0.045600367
0.044774623
0.043936039
0.043084829
0.042221212
0.041345413
0.040457661
0.03955819
0.038647241
0.037725057
0.036791888
0.035847987
0.034893614
0.03392903
0.032954503
0.031970305
0.030976711
0.029974001
0.028962458
0.027942371
0.026914029
0.025877727
0.024833764
0.02378244
0.02272406
0.021658932
0.020587366
0.019509676
0.018426176
0.017337186
0.016243026
0.015144019
0.01404049
0.012932766
0.011821177
0.010706052
0.009587724
0.008466526
0.007342793
0.00621686
0.005089065
0.003959744
0.002829237
0.001697882
0.000566017
-0.000566017
-0.001697882
-0.002829237
-0.003959744
-0.005089065
-0.00621686
-0.007342793
-0.008466526
-0.009587724
-0.010706052
-0.011821177
-0.012932766
-0.01404049
-0.015144019
-0.016243026
-0.017337186
-0.018426176
-0.019509676
-0.020587366
-0.021658932
-0.02272406
-0.02378244
-0.024833764
-0.025877727
-0.026914029
-0.027942371
-0.028962458
-0.029974001
-0.030976711
-0.031970305
-0.032954503
-0.03392903
-0.034893614
-0.035847987
-0.036791888
-0.037725057
-0.038647241
-0.03955819
-0.040457661
-0.041345413
-0.042221212
-0.043084829
-0.043936039
-0.044774623
-0.045600367
-0.046413063
-0.047212507
-0.047998503
-0.048770859
-0.049529388
-0.050273911
-0.051004252
-0.051720243
-0.052421722
-0.053108532
-0.053780522
-0.054437547
-0.05507947
-0.055706158
-0.056317485
-0.056913332
-0.057493585
-0.058058137
-0.058606887
-0.059139741
-0.059656611
-0.060157416
-0.060642079
-0.061110534
-0.061562717
-0.061998572
-0.062418051
-0.06282111
-0.063207713
-0.06357783
-0.063931438
-0.064268518
-0.064589061
-0.064893061
-0.065180521
-0.065451449
-0.06570586
-0.065943773
-0.066165217
-0.066370223
-0.066558832
-0.066731089
-0.066887045
-0.067026757
-0.067150289
-0.067257711
-0.067349096
-0.067424525
-0.067484086
-0.06752787
-0.067555974
-0.067568503
-0.067565564
-0.067547271
-0.067513743
-0.067465105
-0.067401485
-0.067323019
-0.067229846
-0.067122109
-0.066999957
-0.066863545
-0.066713029
-0.066548572
-0.066370342
-0.066178509
-0.065973248
-0.065754738
-0.065523163
-0.06527871
-0.065021569
-0.064751935
-0.064470005
-0.064175981
-0.063870066
-0.063552469
-0.0632234
-0.062883073
-0.062531704
-0.062169512
-0.061796719
-0.061413548
-0.061020227
-0.060616983
-0.060204047
-0.059781653
-0.059350033
-0.058909426
-0.058460068
-0.058002198
-0.057536058
-0.057061889
-0.056579934
-0.056090437
-0.055593643
-0.055089798
-0.054579147
-0.054061938
-0.053538418
-0.053008833
-0.052473432
-0.051932461
-0.051386169
-0.050834803
-0.05027861
-0.049717835
-0.049152726
-0.048583527
-0.048010484
-0.047433839
-0.046853835
-0.046270714
-0.045684717
-0.045096082
-0.044505047
-0.043911849
-0.043316722
-0.042719898
-0.042121609
-0.041522084
-0.040921551
-0.040320233
-0.039718355
-0.039116137
-0.038513797
-0.037911551
-0.037309612
-0.036708192
-0.036107497
-0.035507735
-0.034909106
-0.034311812
-0.033716048
-0.033122008
-0.032529882
-0.031939859
-0.031352122
-0.030766852
-0.030184227
-0.029604421
-0.029027604
-0.028453945
-0.027883605
-0.027316747
-0.026753525
-0.026194094
-0.025638602
-0.025087195
-0.024540013
-0.023997196
-0.023458877
-0.022925186
-0.022396249
-0.02187219
-0.021353125
-0.020839171
-0.020330437
-0.01982703
-0.019329053
-0.018836604
-0.018349779
-0.017868667
-0.017393356
-0.016923928
-0.016460463
-0.016003035
-0.015551714
-0.015106568
-0.014667661
-0.01423505
-0.013808791
-0.013388935
-0.01297553
-0.01256862
-0.012168243
-0.011774437
-0.011387233
-0.01100666
-0.010632742
-0.010265501
-0.009904955
-0.009551116
-0.009203997
-0.008863602
-0.008529937
-0.008203001
-0.00788279
-0.007569298
-0.007262515
-0.006962428
-0.006669021
-0.006382273
-0.006102163
-0.005828665
-0.00556175
-0.005301387
-0.005047542
-0.004800178
-0.004559256
-0.004324732
-0.004096561
-0.003874697
-0.00365909
-0.003449687
-0.003246433
-0.003049271
-0.002858143
-0.002672986
-0.002493739
-0.002320334
-0.002152706
