0.00989733
0.010410268
0.010932632
0.011464305
0.012005167
0.012555088
0.013113933
0.013681557
0.01425781
0.014842534
0.015435563
0.016036726
0.016645842
0.017262724
0.01788718
0.018519007
0.019157999
0.01980394
0.020456609
0.021115779
0.021781213
0.02245267
0.023129903
0.023812656
0.02450067
0.025193676
0.025891401
0.026593567
0.027299888
0.028010073
0.028723826
0.029440845
0.030160821
0.030883443
0.031608393
0.032335347
0.033063979
0.033793955
0.03452494
0.035256592
0.035988566
0.036720512
0.037452078
0.038182907
0.03891264
0.039640912
0.040367358
0.041091608
0.041813291
0.042532031
0.043247454
0.04395918
0.044666828
0.045370017
0.046068363
0.046761482
0.047448988
0.048130495
0.048805615
0.049473963
0.05013515
0.05078879
0.051434497
0.052071884
0.052700566
0.05332016
0.053930282
0.054530552
0.055120592
0.055700023
0.056268471
0.056825563
0.057370931
0.057904208
0.058425031
0.05893304
0.059427879
0.059909196
0.060376644
0.060829879
0.061268563
0.061692363
0.062100948
0.062493997
0.062871192
0.063232221
0.063576778
0.063904564
0.064215286
0.064508657
0.064784399
0.065042239
0.065281912
0.065503161
0.065705735
0.065889395
0.066053904
0.066199039
0.066324583
0.066430327
0.066516072
0.066581627
0.066626811
0.066651454
0.066655391
0.066638471
0.06660055
0.066541496
0.066461185
0.066359505
0.066236354
0.06609164
0.06592528
0.065737205
0.065527355
0.065295679
0.065042142
0.064766714
0.064469381
0.064150137
0.063808988
0.063445954
0.063061063
0.062654355
0.062225882
0.061775708
0.061303908
0.060810569
0.060295788
0.059759676
0.059202353
0.058623951
0.058024616
0.057404503
0.056763779
0.056102622
0.055421224
0.054719784
0.053998516
0.053257643
0.0524974
0.051718034
0.0509198
0.050102968
0.049267816
0.048414633
0.047543719
0.046655384
0.045749949
0.044827745
0.043889112
0.042934402
0.041963976
0.040978202
0.039977461
0.038962142
0.037932643
0.036889369
0.035832738
0.034763173
0.033681106
0.032586978
0.031481237
0.03036434
0.029236749
0.028098935
0.026951377
0.025794559
0.024628972
0.023455113
0.022273485
0.021084598
0.019888966
0.01868711
0.017479554
0.016266827
0.015049464
0.013828003
0.012602987
0.011374959
0.010144471
0.008912073
0.007678321
0.006443771
0.005208983
0.003974519
0.00274094
0.001508812
0.000278698
-0.000948836
-0.002173224
-0.003393899
-0.004610297
-0.005821853
-0.007028001
-0.00822818
-0.009421828
-0.010608386
-0.011787295
-0.012958001
-0.014119953
-0.0152726
-0.016415396
-0.017547801
-0.018669274
-0.019779284
-0.020877299
-0.021962796
-0.023035255
-0.024094162
-0.025139009
-0.026169293
-0.02718452
-0.028184198
-0.029167847
-0.030134989
-0.031085158
-0.032017893
-0.032932742
-0.033829259
-0.03470701
-0.035565567
-0.036404511
-0.037223434
-0.038021935
-0.038799625
-0.039556123
-0.040291058
-0.041004071
-0.041694812
-0.042362942
-0.043008133
-0.043630067
-0.044228439
-0.044802955
-0.045353331
-0.045879296
-0.046380592
-0.04685697
-0.047308195
-0.047734045
-0.04813431
-0.048508791
-0.048857304
-0.049179676
-0.049475748
-0.049745372
-0.049988416
-0.05020476
-0.050394296
-0.05055693
-0.050692581
-0.050801183
-0.050882682
-0.050937037
-0.050964221
-0.050964221
-0.050937037
-0.050882682
-0.050801183
-0.050692581
-0.05055693
-0.050394296
-0.05020476
-0.049988416
-0.049745372
-0.049475748
-0.049179676
-0.048857304
-0.048508791
-0.04813431
-0.047734045
-0.047308195
-0.04685697
-0.046380592
-0.045879296
-0.045353331
-0.044802955
-0.044228439
-0.043630067
-0.043008133
-0.042362942
-0.041694812
-0.041004071
-0.040291058
-0.039556123
-0.038799625
-0.038021935
-0.037223434
-0.036404511
-0.035565567
-0.03470701
-0.033829259
-0.032932742
-0.032017893
-0.031085158
-0.030134989
-0.029167847
-0.028184198
-0.02718452
-0.026169293
-0.025139009
-0.024094162
-0.023035255
-0.021962796
-0.020877299
-0.019779284
-0.018669274
-0.017547801
-0.016415396
-0.0152726
-0.014119953
-0.012958001
-0.011787295
-0.010608386
-0.009421828
-0.00822818
-0.007028001
-0.005821853
-0.004610297
-0.003393899
-0.002173224
-0.000948836
0.000278698
0.001508812
0.00274094
0.003974519
0.005208983
0.006443771
0.007678321
0.008912073
0.010144471
0.011374959
0.012602987
0.013828003
0.015049464
0.016266827
0.017479554
0.01868711
0.019888966
0.021084598
0.022273485
0.023455113
0.024628972
0.025794559
0.026951377
0.028098935
0.029236749
0.03036434
0.031481237
0.032586978
0.033681106
0.034763173
0.035832738
0.036889369
0.037932643
0.038962142
0.039977461
0.040978202
0.041963976
0.042934402
0.043889112
0.044827745
0.045749949
0.046655384
0.047543719
0.048414633
0.049267816
0.050102968
0.0509198
0.051718034
0.0524974
0.053257643
0.053998516
0.054719784
0.055421224
0.056102622
0.056763779
0.057404503
0.058024616
0.058623951
0.059202353
0.059759676
0.060295788
0.060810569
0.061303908
0.061775708
0.062225882
0.062654355
0.063061063
0.063445954
0.063808988
0.064150137
0.064469381
0.064766714
0.065042142
0.065295679
0.065527355
0.065737205
0.06592528
0.06609164
0.066236354
0.066359505
0.066461185
0.066541496
0.06660055
0.066638471
0.066655391
0.066651454
0.066626811
0.066581627
0.066516072
0.066430327
0.066324583
0.066199039
0.066053904
0.065889395
0.065705735
0.065503161
0.065281912
0.065042239
0.064784399
0.064508657
0.064215286
0.063904564
0.063576778
0.063232221
0.062871192
0.062493997
0.062100948
0.061692363
0.061268563
0.060829879
0.060376644
0.059909196
0.059427879
0.05893304
0.058425031
0.057904208
0.057370931
0.056825563
0.056268471
0.055700023
0.055120592
0.054530552
0.053930282
0.05332016
0.052700566
0.052071884
0.051434497
0.05078879
0.05013515
0.049473963
0.048805615
0.048130495
0.047448988
0.046761482
0.046068363
0.045370017
0.044666828
0.04395918
0.043247454
0.042532031
0.041813291
0.041091608
0.040367358
0.039640912
0.03891264
0.038182907
0.037452078
0.036720512
0.035988566
0.035256592
0.03452494
0.033793955
0.033063979
0.032335347
0.031608393
0.030883443
0.030160821
0.029440845
0.028723826
0.028010073
0.027299888
0.026593567
0.025891401
0.025193676
0.02450067
0.023812656
0.023129903
0.02245267
0.021781213
0.021115779
0.020456609
0.01980394
0.019157999
0.018519007
0.01788718
0.017262724
0.016645842
0.016036726
0.015435563
0.014842534
0.01425781
0.013681557
0.013113933
0.012555088
0.012005167
0.011464305
0.010932632
0.010410268
0.00989733
