0.032269184
0.033201124
0.034132751
0.035063517
0.035992871
0.036920256
0.037845114
0.038766884
0.039685
0.040598897
0.041508006
0.042411757
0.043309579
0.044200901
0.045085152
0.045961758
0.046830151
0.047689758
0.048540011
0.049380344
0.050210191
0.051028989
0.051836179
0.052631204
0.053413512
0.054182554
0.054937786
0.05567867
0.05640467
0.05711526
0.057809917
0.058488126
0.059149378
0.059793171
0.060419011
0.061026414
0.061614902
0.062184006
0.062733266
0.063262232
0.063770466
0.064257535
0.064723022
0.065166518
0.065587625
0.065985957
0.066361141
0.066712816
0.067040631
0.06734425
0.067623351
0.067877623
0.068106769
0.068310508
0.068488571
0.068640705
0.068766669
0.068866241
0.068939211
0.068985384
0.069004584
0.068996647
0.068961426
0.068898792
0.06880863
0.068690842
0.068545347
0.06837208
0.068170994
0.067942058
0.067685257
0.067400595
0.067088093
0.066747788
0.066379734
0.065984006
0.06556069
0.065109896
0.064631747
0.064126385
0.063593968
0.063034674
0.062448696
0.061836244
0.061197548
0.060532851
0.059842416
0.059126522
0.058385464
0.057619554
0.056829123
0.056014513
0.055176088
0.054314223
0.053429313
0.052521765
0.051592003
0.050640468
0.049667612
0.048673906
0.047659831
0.046625886
0.045572582
0.044500444
0.04341001
0.042301832
0.041176472
0.040034509
0.038876529
0.037703134
0.036514934
0.035312551
0.03409662
0.032867782
0.031626691
0.03037401
0.029110409
0.027836568
0.026553177
0.02526093
0.023960531
0.022652691
0.021338125
0.020017558
0.018691716
0.017361334
0.016027148
0.014689902
0.013350341
0.012009214
0.010667273
0.009325271
0.007983965
0.006644111
0.005306467
0.003971791
0.002640841
0.001314374
-6.85E-06
-0.00132209
-0.00263058
-0.003931576
-0.005224332
-0.006508105
-0.007782157
-0.009045754
-0.010298168
-0.011538677
-0.012766563
-0.013981117
-0.015181635
-0.016367423
-0.017537793
-0.018692067
-0.019829574
-0.020949653
-0.022051655
-0.02313494
-0.024198877
-0.025242849
-0.026266248
-0.027268481
-0.028248964
-0.029207129
-0.030142419
-0.031054292
-0.03194222
-0.032805688
-0.033644197
-0.034457262
-0.035244416
-0.036005204
-0.036739189
-0.037445952
-0.038125088
-0.038776211
-0.03939895
-0.039992954
-0.040557888
-0.041093436
-0.0415993
-0.042075201
-0.042520877
-0.042936088
-0.04332061
-0.043674239
-0.043996792
-0.044288104
-0.04454803
-0.044776446
-0.044973246
-0.045138344
-0.045271677
-0.045373199
-0.045442886
-0.045480734
-0.045486758
-0.045460995
-0.045403501
-0.045314353
-0.045193649
-0.045041505
-0.04485806
-0.04464347
-0.044397914
-0.044121589
-0.043814712
-0.04347752
-0.04311027
-0.042713237
-0.042286718
-0.041831025
-0.041346492
-0.040833471
-0.040292332
-0.039723463
-0.03912727
-0.038504178
-0.037854628
-0.037179078
-0.036478005
-0.0357519
-0.035001271
-0.034226644
-0.033428558
-0.032607568
-0.031764244
-0.030899172
-0.03001295
-0.029106191
-0.028179521
-0.027233578
-0.026269016
-0.025286497
-0.024286697
-0.023270303
-0.022238013
-0.021190535
-0.020128586
-0.019052895
-0.017964197
-0.016863239
-0.015750772
-0.014627558
-0.013494364
-0.012351964
-0.011201139
-0.010042673
-0.008877359
-0.00770599
-0.006529366
-0.00534829
-0.004163568
-0.002976006
-0.001786416
-0.000595607
0.000595607
0.001786416
0.002976006
0.004163568
0.00534829
0.006529366
0.00770599
0.008877359
0.010042673
0.011201139
0.012351964
0.013494364
0.014627558
0.015750772
0.016863239
0.017964197
0.019052895
0.020128586
0.021190535
0.022238013
0.023270303
0.024286697
0.025286497
0.026269016
0.027233578
0.028179521
0.029106191
0.03001295
0.030899172
0.031764244
0.032607568
0.033428558
0.034226644
0.035001271
0.0357519
0.036478005
0.037179078
0.037854628
0.038504178
0.03912727
0.039723463
0.040292332
0.040833471
0.041346492
0.041831025
0.042286718
0.042713237
0.04311027
0.04347752
0.043814712
0.044121589
0.044397914
0.04464347
0.04485806
0.045041505
0.045193649
0.045314353
0.045403501
0.045460995
0.045486758
0.045480734
0.045442886
0.045373199
0.045271677
0.045138344
0.044973246
0.044776446
0.04454803
0.044288104
0.043996792
0.043674239
0.04332061
0.042936088
0.042520877
0.042075201
0.0415993
0.041093436
0.040557888
0.039992954
0.03939895
0.038776211
0.038125088
0.037445952
0.036739189
0.036005204
0.035244416
0.034457262
0.033644197
0.032805688
0.03194222
0.031054292
0.030142419
0.029207129
0.028248964
0.027268481
0.026266248
0.025242849
0.024198877
0.02313494
0.022051655
0.020949653
0.019829574
0.018692067
0.017537793
0.016367423
0.015181635
0.013981117
0.012766563
0.011538677
0.010298168
0.009045754
0.007782157
0.006508105
0.005224332
0.003931576
0.00263058
0.00132209
6.85E-06
-0.001314374
-0.002640841
-0.003971791
-0.005306467
-0.006644111
-0.007983965
-0.009325271
-0.010667273
-0.012009214
-0.013350341
-0.014689902
-0.016027148
-0.017361334
-0.018691716
-0.020017558
-0.021338125
-0.022652691
-0.023960531
-0.02526093
-0.026553177
-0.027836568
-0.029110409
-0.03037401
-0.031626691
-0.032867782
-0.03409662
-0.035312551
-0.036514934
-0.037703134
-0.038876529
-0.040034509
-0.041176472
-0.042301832
-0.04341001
-0.044500444
-0.045572582
-0.046625886
-0.047659831
-0.048673906
-0.049667612
-0.050640468
-0.051592003
-0.052521765
-0.053429313
-0.054314223
-0.055176088
-0.056014513
-0.056829123
-0.057619554
-0.058385464
-0.059126522
-0.059842416
-0.060532851
-0.061197548
-0.061836244
-0.062448696
-0.063034674
-0.063593968
-0.064126385
-0.064631747
-0.065109896
-0.06556069
-0.065984006
-0.066379734
-0.066747788
-0.067088093
-0.067400595
-0.067685257
-0.067942058
-0.068170994
-0.06837208
-0.068545347
-0.068690842
-0.06880863
-0.068898792
-0.068961426
-0.068996647
-0.069004584
-0.068985384
-0.068939211
-0.068866241
-0.068766669
-0.068640705
-0.068488571
-0.068310508
-0.068106769
-0.067877623
-0.067623351
-0.06734425
-0.067040631
-0.066712816
-0.066361141
-0.065985957
-0.065587625
-0.065166518
-0.064723022
-0.064257535
-0.063770466
-0.063262232
-0.062733266
-0.062184006
-0.061614902
-0.061026414
-0.060419011
-0.059793171
-0.059149378
-0.058488126
-0.057809917
-0.05711526
-0.05640467
-0.05567867
-0.054937786
-0.054182554
-0.053413512
-0.052631204
-0.051836179
-0.051028989
-0.050210191
-0.049380344
-0.048540011
-0.047689758
-0.046830151
-0.045961758
-0.045085152
-0.044200901
-0.043309579
-0.042411757
-0.041508006
-0.040598897
-0.039685
-0.038766884
-0.037845114
-0.036920256
-0.035992871
-0.035063517
-0.034132751
-0.033201124
-0.032269184
