0.072385603
0.07306444
0.073713415
0.074331999
0.074919683
0.075475977
0.076000411
0.076492535
0.076951919
0.077378154
0.077770854
0.078129653
0.078454206
0.078744193
0.078999314
0.079219293
0.079403878
0.079552839
0.07966597
0.079743089
0.079784038
0.079788683
0.079756915
0.079688648
0.079583823
0.079442403
0.079264379
0.079049764
0.078798598
0.078510945
0.078186894
0.077826559
0.07743008
0.076997622
0.076529372
0.076025546
0.075486382
0.074912144
0.074303119
0.07365962
0.072981982
0.072270568
0.07152576
0.070747966
0.069937617
0.069095168
0.068221095
0.067315897
0.066380096
0.065414235
0.064418879
0.063394612
0.062342043
0.061261798
0.060154522
0.059020883
0.057861566
0.056677273
0.055468728
0.05423667
0.052981854
0.051705054
0.050407058
0.049088673
0.047750716
0.046394022
0.045019438
0.043627825
0.042220056
0.040797018
0.039359605
0.037908726
0.036445298
0.034970248
0.033484511
0.031989031
0.03048476
0.028972654
0.027453677
0.025928799
0.024398994
0.022865238
0.021328514
0.019789804
0.018250094
0.01671037
0.015171619
0.013634828
0.012100981
0.010571062
0.009046052
0.00752693
0.006014668
0.004510237
0.0030146
0.001528714
5.35E-05
-0.001410004
-0.002860958
-0.004298403
-0.005721423
-0.00712911
-0.00852057
-0.009894917
-0.011251279
-0.012588798
-0.013906628
-0.015203937
-0.016479907
-0.017733739
-0.018964646
-0.02017186
-0.021354628
-0.022512217
-0.02364391
-0.024749011
-0.025826841
-0.026876743
-0.027898079
-0.028890232
-0.029852606
-0.030784628
-0.031685745
-0.032555427
-0.03339317
-0.034198489
-0.034970924
-0.035710042
-0.03641543
-0.037086702
-0.037723497
-0.038325478
-0.038892336
-0.039423784
-0.039919564
-0.040379444
-0.040803215
-0.0411907
-0.041541743
-0.041856218
-0.042134026
-0.042375093
-0.042579373
-0.042746847
-0.042877524
-0.042971437
-0.04302865
-0.043049251
-0.043033356
-0.042981106
-0.042892673
-0.042768251
-0.042608062
-0.042412356
-0.042181406
-0.041915512
-0.041615001
-0.041280225
-0.040911558
-0.040509404
-0.040074186
-0.039606356
-0.039106386
-0.038574775
-0.038012042
-0.03741873
-0.036795406
-0.036142655
-0.035461086
-0.03475133
-0.034014035
-0.033249873
-0.032459531
-0.03164372
-0.030803165
-0.02993861
-0.029050819
-0.028140569
-0.027208655
-0.026255887
-0.02528309
-0.024291103
-0.023280779
-0.022252984
-0.021208595
-0.020148501
-0.019073604
-0.017984815
-0.016883052
-0.015769245
-0.014644332
-0.013509256
-0.012364969
-0.011212427
-0.010052594
-0.008886435
-0.007714921
-0.006539025
-0.005359723
-0.004177991
-0.002994808
-0.00181115
-0.000627996
0.00055368
0.001732906
0.00290871
0.004080127
0.005246196
0.00640596
0.007558468
0.008702778
0.009837952
0.010963064
0.012077194
0.013179434
0.014268883
0.015344655
0.016405872
0.017451671
0.018481201
0.019493626
0.020488121
0.02146388
0.02242011
0.023356035
0.024270896
0.025163951
0.026034477
0.026881768
0.027705138
0.02850392
0.029277469
0.030025157
0.030746381
0.031440558
0.032107125
0.032745546
0.033355303
0.033935904
0.03448688
0.035007787
0.035498205
0.035957736
0.036386011
0.036782684
0.037147434
0.037479969
0.037780019
0.038047342
0.038281723
0.038482974
0.038650931
0.038785459
0.03888645
0.038953823
0.038987523
0.038987523
0.038953823
0.03888645
0.038785459
0.038650931
0.038482974
0.038281723
0.038047342
0.037780019
0.037479969
0.037147434
0.036782684
0.036386011
0.035957736
0.035498205
0.035007787
0.03448688
0.033935904
0.033355303
0.032745546
0.032107125
0.031440558
0.030746381
0.030025157
0.029277469
0.02850392
0.027705138
0.026881768
0.026034477
0.025163951
0.024270896
0.023356035
0.02242011
0.02146388
0.020488121
0.019493626
0.018481201
0.017451671
0.016405872
0.015344655
0.014268883
0.013179434
0.012077194
0.010963064
0.009837952
0.008702778
0.007558468
0.00640596
0.005246196
0.004080127
0.00290871
0.001732906
0.00055368
-0.000627996
-0.00181115
-0.002994808
-0.004177991
-0.005359723
-0.006539025
-0.007714921
-0.008886435
-0.010052594
-0.011212427
-0.012364969
-0.013509256
-0.014644332
-0.015769245
-0.016883052
-0.017984815
-0.019073604
-0.020148501
-0.021208595
-0.022252984
-0.023280779
-0.024291103
-0.02528309
-0.026255887
-0.027208655
-0.028140569
-0.029050819
-0.02993861
-0.030803165
-0.03164372
-0.032459531
-0.033249873
-0.034014035
-0.03475133
-0.035461086
-0.036142655
-0.036795406
-0.03741873
-0.038012042
-0.038574775
-0.039106386
-0.039606356
-0.040074186
-0.040509404
-0.040911558
-0.041280225
-0.041615001
-0.041915512
-0.042181406
-0.042412356
-0.042608062
-0.042768251
-0.042892673
-0.042981106
-0.043033356
-0.043049251
-0.04302865
-0.042971437
-0.042877524
-0.042746847
-0.042579373
-0.042375093
-0.042134026
-0.041856218
-0.041541743
-0.0411907
-0.040803215
-0.040379444
-0.039919564
-0.039423784
-0.038892336
-0.038325478
-0.037723497
-0.037086702
-0.03641543
-0.035710042
-0.034970924
-0.034198489
-0.03339317
-0.032555427
-0.031685745
-0.030784628
-0.029852606
-0.028890232
-0.027898079
-0.026876743
-0.025826841
-0.024749011
-0.02364391
-0.022512217
-0.021354628
-0.02017186
-0.018964646
-0.017733739
-0.016479907
-0.015203937
-0.013906628
-0.012588798
-0.011251279
-0.009894917
-0.00852057
-0.00712911
-0.005721423
-0.004298403
-0.002860958
-0.001410004
5.35E-05
0.001528714
0.0030146
0.004510237
0.006014668
0.00752693
0.009046052
0.010571062
0.012100981
0.013634828
0.015171619
0.01671037
0.018250094
0.019789804
0.021328514
0.022865238
0.024398994
0.025928799
0.027453677
0.028972654
0.03048476
0.031989031
0.033484511
0.034970248
0.036445298
0.037908726
0.039359605
0.040797018
0.042220056
0.043627825
0.045019438
0.046394022
0.047750716
0.049088673
0.050407058
0.051705054
0.052981854
0.05423667
0.055468728
0.056677273
0.057861566
0.059020883
0.060154522
0.061261798
0.062342043
0.063394612
0.064418879
0.065414235
0.066380096
0.067315897
0.068221095
0.069095168
0.069937617
0.070747966
0.07152576
0.072270568
0.072981982
0.07365962
0.074303119
0.074912144
0.075486382
0.076025546
0.076529372
0.076997622
0.07743008
0.077826559
0.078186894
0.078510945
0.078798598
0.079049764
0.079264379
0.079442403
0.079583823
0.079688648
0.079756915
0.079788683
0.079784038
0.079743089
0.07966597
0.079552839
0.079403878
0.079219293
0.078999314
0.078744193
0.078454206
0.078129653
0.077770854
0.077378154
0.076951919
0.076492535
0.076000411
0.075475977
0.074919683
0.074331999
0.073713415
0.07306444
0.072385603
